9.000000000000000000e+01
9.100000000000000000e+01
7.300000000000000000e+01
9.600000000000000000e+01
5.100000000000000000e+01
7.900000000000000000e+01
9.700000000000000000e+01
9.100000000000000000e+01
6.800000000000000000e+01
8.500000000000000000e+01
5.500000000000000000e+01
5.600000000000000000e+01
7.100000000000000000e+01
9.400000000000000000e+01
6.700000000000000000e+01
7.000000000000000000e+01
7.000000000000000000e+01
8.300000000000000000e+01
8.400000000000000000e+01
5.500000000000000000e+01
